names,
ebonydreem,
angelenoesther,
topiclyimnews,
BreakingBad263,
onorPeaks,
bistrogal2,
amrightnow,
Chancedgfe,
immigrant4trump,
sweetatertot2,
twitter,
Support,
SallaSean,
realDonaldTrump,
TimTrulock,
puppymnkey,
bobcesca_go,
paparcura,
